[cd.jpg]
filters=PicnikTint=1,0.000000,fff0a556;TwoTone=1,-63.888889,47.953217,49.122807,00004488,00ffff00;Lomo=1,50.000000,0.000000;Lomo=1,16.374269,88.888893;
moddate=ac315a114c3ecd01
width=200
height=200
text=1;161;24;PREVIEW&#010;&#010;NOT&#010;&#010;AVAILABLE&#010;;Lucida Sans Unicode;0.233648,0.212943,0.110329,6.283185;v1,4278190080,4278190080,128.000000,1.000000,0.000000,1.000000,700,256,49152;;
textactive=1
[header-001.jpg]
moddate=c880c2735e69cd01
width=274
height=53
text=1;147;11;ENB Central;Lucida Sans Unicode;0.069721,-0.004304,0.784411,0.000000;v1,4278190080,4278190080,128.000000,1.000000,0.000000,1.000000,700,0,49152;;
textactive=1
[header-001.1.jpg]
moddate=f2e3228f8269cd01
width=274
height=53
text=1;155;20;Engineering Notebook;Lucida Sans Unicode;0.015471,0.200340,0.465283,6.283185;v1,4278190080,4278190080,128.000000,1.000000,0.000000,1.000000,400,0,49160;;
textactive=1
